function numOuts = getNumOuts()


numOuts = [ 
    % aeroplane
    1
    2
    2
    2
    % bicycle
    2
    2
    2
    1
    % bird
    2
    2
    1
    1
    2
    2
    2
    2
    % bottle
    1
    1
    % bus
    1
    1
    1
    1
    1
    2
    2
    1
    4
    4
    % car
    1
    1
    1
    1
    1
    3
    2
    3
    3
    2
    % cat
    1
    2
    2
    1
    1
    1
    4
    4
    1
    % cow
    2
    2
    2
    2
    1
    2
    4
    2
    % dog
    1
    2
    2
    1
    1
    4
    4
    2
    1
    % horse
    2
    2
    2
    1
    2
    4
    2
    % motorbike
    2
    1
    2
    % person
    1
    1
    1
    1
    2
    3
    2
    2
    % pottedplant
    1
    1
    % sheep
    2
    2
    2
    2
    1
    2
    4
    2
    % train
    1
    2
    1
    1
    1
    2
    3
    2
    1
    1
    1
    2
    % tvmonitor
    1
    ];